2.915475947
3.201562119
3.535533906
3.905124838
4.301162634
4.716990566
5.14781507
5.590169944
6.041522987
6.5
6.964194139
7.433034374
7.90569415
8.381527307
8.860022573
9.340770846
9.823441352
10.30776406
10.79351657
11.28051417
11.7686023
12.25765067
12.74754878
13.23820229
13.72953022
14.22146265
14.71393897
15.20690633
15.14398487
14.64890022
14.15416115
13.65980519
13.1658755
12.67242194
12.17950236
11.68718434
11.19554723
10.70468485
10.21470889
9.725753327
9.237980178
8.751587158
8.266817875
7.783975705
7.303442872
6.825707127
6.351399671
5.881349996
5.416666667
4.958858516
4.510019709
4.07311647
3.6524345
3.254270698
2.887953909
2.567153633
2.310904104
1.943650632
2.242270674
2.603416559
3.004626063
3.431876714
3.876567783
4.333333333
4.798726683
5.270462767
5.746979883
6.227180564
6.710274046
7.195677715
7.682953714
8.171767115
8.66185764
9.153020145
9.645090864
10.13793755
10.63145229
11.12554618
11.62014534
12.1151879
12.61062163
13.10640217
13.6024916
14.09885732
14.59547114
15.09230856
15.05199322
14.55377958
14.0556928
13.55774686
13.05995789
12.56234453
12.06492851
11.5677353
11.07079491
10.57414299
10.07782219
9.581883948
9.086390923
8.591420139
8.09706737
7.603453163
7.110731327
6.619101147
6.128825336
5.640257086
5.153882032
4.670385423
4.190763654
3.716517187
3.25
2.795084972
2.358495283
1.952562419
1.600781059
1.301708279
1.715938357
2.166666667
2.635231383
3.113590282
3.597838857
4.085883557
4.576510073
5.068968775
5.562773089
6.057593948
6.553201084
7.049428661
7.546154282
8.043285675
8.540751984
9.038497909
9.536479667
10.03466215
10.53301687
11.0315205
11.5301537
12.02890038
12.52774698
13.02668202
13.52569571
14.02477966
14.52392662
15.02313031
15.00578592
14.50598535
14.00619902
13.50642851
13.00667564
12.50694252
12.00723162
11.50754583
11.00788859
10.50826394
10.00867679
9.509133037
9.009639899
8.510206291
8.010843346
7.511565157
7.012389829
6.51334101
6.014450192
5.515760248
5.017331074
4.519248954
4.021642837
3.52471433
3.028796974
2.534484388
2.042941779
1.556795141
1.083333333
1
1.5
2
2.5
3
3.5
4
4.5
5
5.5
6
6.5
7
7.5
8
8.5
9
9.5
10
10.5
11
11.5
12
12.5
13
13.5
14
14.5
15