1 1679918792
2 1679918792
3 1679918792
4 1679918792
5 1679918792
6 1679918792
7 1679918792
8 1679918792
9 1679918792
10 1679918792
11 1679918792
12 1679918792
13 1679918792
14 1679918792
15 1679918792
16 1679918792
17 1679918792
18 1679918792
19 1679918792
20 1679918792
21 1679918792
22 1679918793
23 1679918793
24 1679918793
25 1679918793
26 1679918793
27 1679918793
28 1679918793
29 1679918793
30 1679918793
31 1679918793
32 1679918793
33 1679918793
34 1679918793
35 1679918793
36 1679918793
37 1679918793
38 1679918793
39 1679918793
40 1679918793
41 1679918793
42 1679918793
43 1679918793
44 1679918793
45 1679918793
46 1679918793
47 1679918793
48 1679918793
49 1679918793
50 1679918793
51 1679918793
52 1679918794
53 1679918794
54 1679918794
55 1679918794
56 1679918794
57 1679918794
58 1679918794
59 1679918794
60 1679918794
61 1679918794
62 1679918794
63 1679918794
64 1679918794
65 1679918794
66 1679918794
67 1679918794
68 1679918794
69 1679918794
70 1679918794
71 1679918794
72 1679918794
73 1679918794
74 1679918794
75 1679918794
76 1679918794
77 1679918794
78 1679918794
79 1679918794
80 1679918794
81 1679918794
82 1679918795
83 1679918795
84 1679918795
85 1679918795
86 1679918795
87 1679918795
88 1679918795
89 1679918795
90 1679918795
91 1679918795
92 1679918795
93 1679918795
94 1679918795
95 1679918795
96 1679918795
97 1679918795
98 1679918795
99 1679918795
100 1679918795
101 1679918795
102 1679918795
103 1679918795
104 1679918795
105 1679918795
106 1679918795
107 1679918795
108 1679918795
109 1679918795
110 1679918795
111 1679918795
112 1679918796
113 1679918796
114 1679918796
115 1679918796
116 1679918796
117 1679918796
118 1679918796
119 1679918796
120 1679918796
121 1679918796
122 1679918796
123 1679918796
124 1679918796
125 1679918796
126 1679918796
127 1679918796
128 1679918796
129 1679918796
130 1679918796
131 1679918796
132 1679918796
133 1679918796
134 1679918796
135 1679918796
136 1679918796
137 1679918796
138 1679918796
139 1679918796
140 1679918796
141 1679918797
142 1679918797
143 1679918797
144 1679918797
145 1679918797
146 1679918797
147 1679918797
148 1679918797
149 1679918797
150 1679918797
151 1679918797
152 1679918797
153 1679918797
154 1679918797
155 1679918797
156 1679918797
157 1679918797
158 1679918797
159 1679918797
160 1679918797
161 1679918797
162 1679918797
163 1679918797
164 1679918797
165 1679918797
166 1679918797
167 1679918797
168 1679918797
169 1679918798
170 1679918798
171 1679918798
172 1679918798
173 1679918798
174 1679918798
175 1679918798
176 1679918798
177 1679918798
178 1679918798
179 1679918798
180 1679918798
181 1679918798
182 1679918798
183 1679918798
184 1679918798
185 1679918798
186 1679918798
187 1679918798
188 1679918798
189 1679918798
190 1679918798
191 1679918798
192 1679918798
193 1679918798
194 1679918798
195 1679918798
196 1679918798
197 1679918798
198 1679918798
199 1679918799
200 1679918799
201 1679918799
202 1679918799
203 1679918799
204 1679918799
205 1679918799
206 1679918799
207 1679918799
208 1679918799
209 1679918799
210 1679918799
211 1679918799
212 1679918799
213 1679918799
214 1679918799
215 1679918799
216 1679918799
217 1679918799
218 1679918799
219 1679918799
220 1679918799
221 1679918799
222 1679918799
223 1679918799
224 1679918799
225 1679918799
226 1679918799
227 1679918799
228 1679918800
229 1679918800
230 1679918800
231 1679918800
232 1679918800
233 1679918800
234 1679918800
235 1679918800
236 1679918800
237 1679918800
238 1679918800
239 1679918800
240 1679918800
241 1679918800
242 1679918800
243 1679918800
244 1679918800
245 1679918800
246 1679918800
247 1679918800
248 1679918800
249 1679918800
250 1679918800
251 1679918800
252 1679918800
253 1679918800
254 1679918800
255 1679918800
256 1679918801
257 1679918801
258 1679918801
259 1679918801
260 1679918801
261 1679918801
262 1679918801
263 1679918801
264 1679918801
265 1679918801
266 1679918801
267 1679918801
268 1679918801
269 1679918801
270 1679918801
271 1679918801
272 1679918801
273 1679918801
274 1679918801
275 1679918801
276 1679918801
277 1679918801
278 1679918801
279 1679918801
280 1679918801
281 1679918801
282 1679918801
283 1679918801
284 1679918801
285 1679918801
286 1679918802
287 1679918802
288 1679918802
289 1679918802
290 1679918802
291 1679918802
292 1679918802
293 1679918802
294 1679918802
295 1679918802
296 1679918802
297 1679918802
298 1679918802
299 1679918802
300 1679918802
301 1679918802
302 1679918802
303 1679918802
304 1679918802
305 1679918802
306 1679918802
307 1679918802
308 1679918802
309 1679918802
310 1679918802
311 1679918802
312 1679918802
313 1679918802
314 1679918802
315 1679918803
316 1679918803
317 1679918803
318 1679918803
319 1679918803
320 1679918803
321 1679918803
322 1679918803
323 1679918803
324 1679918803
325 1679918803
326 1679918803
327 1679918803
328 1679918803
329 1679918803
330 1679918803
331 1679918803
332 1679918803
333 1679918803
334 1679918803
335 1679918803
336 1679918803
337 1679918803
338 1679918803
339 1679918803
340 1679918803
341 1679918803
342 1679918803
343 1679918803
344 1679918803
345 1679918804
346 1679918804
347 1679918804
348 1679918804
349 1679918804
350 1679918804
351 1679918804
352 1679918804
353 1679918804
354 1679918804
355 1679918804
356 1679918804
357 1679918804
358 1679918804
359 1679918804
360 1679918804
361 1679918804
362 1679918804
363 1679918804
364 1679918804
365 1679918804
366 1679918804
367 1679918804
368 1679918804
369 1679918804
370 1679918804
371 1679918804
372 1679918804
373 1679918804
374 1679918804
375 1679918805
376 1679918805
377 1679918805
378 1679918805
379 1679918805
380 1679918805
381 1679918805
382 1679918805
383 1679918805
384 1679918805
385 1679918805
386 1679918805
387 1679918805
388 1679918805
389 1679918805
