462 1.06235 1.46182 154 265
1101 1.00098 1.98302 169 247
1943 1.02412 2.50177 181 233
2617 1.01671 3.01444 191 225
3601 1.00912 3.48842 200 220
4593 1.01937 4.0209 209 208
5635 1.00846 4.50632 217 201
6689 1.05561 4.99756 222 196
7826 1.03514 5.52611 223 191
9100 1.03179 6.0302 229 189
10299 1.00919 6.50721 233 186
11481 1.05249 7.01574 235 183
12714 1.05657 7.49813 237 178
13728 1.15763 8.05534 239 177
14941 1.06108 8.50681 245 176
16306 1.06909 9.03626 244 174
17354 1.12576 9.47982 250 170
18647 1.08495 9.99407 249 167
19864 1.25208 10.4619 253 167
20896 1.22357 10.9596 253 165
22255 1.24376 11.4235 255 163
23094 1.16432 11.9872 255 162
24238 1.01364 12.518 257 161
25032 1.04323 12.9046 260 161
26297 1.14509 13.5161 261 161
27137 1.04231 14.0377 260 161
27968 1.21838 14.5334 262 159
28931 1.25747 15.0395 264 157
