739 0.691665 3.54284 148 455
1455 0.629378 4.06211 166 436
2216 0.650772 4.58041 179 429
3042 0.644658 5.09405 191 395
4068 0.635679 5.56896 198 382
5089 0.642858 6.10215 208 367
6131 0.631928 6.58785 213 359
7202 0.689267 7.07651 219 349
8368 0.668987 7.60599 223 342
9630 0.66738 8.1097 228 337
10812 0.628443 8.58645 232 335
12040 0.691026 9.09604 235 324
13160 0.693276 9.57818 238 317
14265 0.792592 10.1353 241 315
15526 0.691827 10.5874 243 313
16767 0.69894 11.1154 246 309
17940 0.756182 11.5626 248 300
19170 0.704056 12.0706 250 296
20328 0.889324 12.5478 252 295
21546 0.866369 13.0396 254 293
22587 0.898393 13.5025 254 290
23615 0.823405 14.0668 256 288
24581 0.661829 14.5954 257 287
25797 0.741433 14.987 260 286
26645 0.850569 15.5933 261 287
27484 0.682233 16.1151 261 283
28414 0.738066 16.6143 262 280
29448 0.733344 17.1198 264 278
30312 1.32969 17.0955 274 278
31437 1.23118 16.5743 274 280
32466 0.899825 16.073 273 281
33827 0.946306 15.5697 272 282
35110 1.09445 15.0877 271 286
35960 1.0639 14.613 271 287
36784 0.924995 14.057 269 289
37602 0.870274 13.5653 268 291
38473 0.94612 13.1008 267 292
39438 0.863999 12.5349 266 294
40344 1.08109 12.1243 265 296
41105 1.09218 11.5928 264 302
41746 0.966264 11.0957 264 307
42362 1.03088 10.5948 262 312
42999 0.943606 10.0781 260 313
43648 1.05787 9.58057 258 319
44223 1.12297 9.10636 257 324
44806 1.03548 8.57244 255 328
45422 1.03567 8.07894 253 336
46141 1.03228 7.60331 248 341
46981 1.01754 7.10759 246 350
47705 1.01004 6.57647 242 360
48444 1.02958 6.08366 237 372
49219 1.01798 5.57424 232 383
49974 1.02919 5.12077 227 398
50754 1.04092 4.58379 221 416
51381 1.04743 4.069 212 440
51980 1.00195 3.58468 200 461
52335 0.980972 3.28966 197 481
53128 1.44601 3.09101 244 504
53823 1.49868 3.5198 250 465
54516 1.53121 4.03705 254 438
55144 1.48806 4.56487 258 420
55829 1.47576 5.07091 262 397
56560 1.52033 5.57448 265 385
57314 1.52721 6.06235 267 369
57907 1.52562 6.56209 270 358
58543 1.52252 7.0714 271 347
59110 1.57266 7.56146 272 340
59758 1.52275 8.05994 273 335
60495 1.52944 8.5654 276 329
61336 1.52942 9.08412 276 323
61999 1.52321 9.60187 278 319
62659 1.41312 10.0722 279 314
63252 1.42202 10.5665 279 312
63790 1.50628 11.0791 280 308
64307 1.40342 11.5819 281 303
64819 1.52998 12.1029 281 300
65306 1.17823 12.5004 281 298
65870 1.58012 13.078 282 294
66362 1.31257 13.5519 283 292
66992 1.38028 14.0627 283 291
67531 1.56259 14.6095 284 289
68281 1.88346 15.0686 285 287
69096 1.33892 15.5745 285 285
69642 1.18514 16.0898 285 282
70186 1.63392 16.5836 284 280
70813 1.48014 17.0757 285 280
71353 1.93903 17.1092 296 279
72001 1.93008 16.5875 296 280
72624 1.76438 16.1273 296 282
73210 2.15049 15.464 297 284
73783 1.28803 15.0243 296 285
74318 1.97168 14.6097 296 288
74776 1.93561 14.118 296 289
75283 1.83107 13.6045 296 293
75755 1.87872 13.1042 296 296
76288 1.64128 12.6148 297 297
76859 1.89131 12.1194 296 300
77456 1.86495 11.6032 296 303
77967 1.98049 11.1164 297 307
78492 1.73708 10.6026 296 312
79010 1.85352 10.096 297 315
79497 1.88272 9.59704 297 320
80054 1.85591 9.10662 296 326
80624 1.854 8.61492 297 327
81154 1.8693 8.09406 296 335
81749 1.86574 7.58727 296 343
82390 1.87866 7.11007 297 352
82988 1.84772 6.58151 297 362
83618 1.84813 6.08031 297 369
84203 1.85107 5.5871 298 387
84669 1.81955 5.11181 296 391
85091 1.79711 4.59308 299 425
85488 1.79248 4.11037 299 440
85959 1.81954 3.60432 299 462
86488 1.84492 3.17284 301 497
87026 2.35515 3.11188 356 501
87547 2.32549 3.55155 343 467
88014 2.28417 4.05072 341 442
88534 2.3253 4.54001 338 419
89027 2.34171 5.03497 334 404
89578 2.34893 5.53038 332 385
90105 2.35335 6.02321 329 372
90616 2.32532 6.51152 326 365
91169 2.33227 7.0571 323 352
91695 2.30169 7.55336 321 346
92194 2.3579 8.05066 320 340
92721 2.37776 8.5786 318 333
93334 2.41688 9.07647 318 327
93980 2.37699 9.54695 316 320
94630 2.34392 10.0638 315 316
95157 2.09998 10.5462 315 313
95696 2.40982 11.0731 314 311
96240 2.25728 11.5715 313 304
96888 2.45742 12.1045 313 300
97531 1.65514 12.4875 312 298
98063 2.52102 13.0429 311 296
98590 2.26499 13.5794 310 294
99110 2.38937 14.083 310 293
99619 2.35963 14.592 309 292
100330 1.87246 15.0091 308 287
101223 2.41502 15.5764 307 285
101740 2.49603 16.0746 309 281
102286 2.52711 16.5343 309 280
102898 2.30542 17.1096 308 279
103291 2.61954 17.1277 319 281
103783 2.54508 16.5746 319 282
104304 1.88651 16.1738 320 280
104734 3.67597 15.3636 321 287
105482 2.59264 15.1043 322 289
105999 2.78101 14.5962 322 291
106499 2.60654 14.0992 323 292
106999 2.55705 13.6148 324 294
107520 3.1811 13.0384 325 297
108008 2.31287 12.5242 326 299
108525 2.77258 12.0892 327 304
109054 2.74596 11.5763 329 304
109555 2.85933 11.0653 332 308
110105 2.53081 10.5751 332 314
110684 2.82913 10.0745 334 317
111250 2.80302 9.58505 336 324
111892 2.66169 9.10641 337 327
112624 2.73435 8.58583 339 332
113356 2.68318 8.1208 342 339
114060 2.65328 7.60678 346 344
114699 2.64872 7.11029 349 353
115277 2.65526 6.61584 354 359
115879 2.65575 6.10317 359 375
116447 2.64954 5.60719 364 384
116931 2.63347 5.10312 370 396
117488 2.64274 4.59777 379 423
118030 2.65965 4.10923 385 447
118556 2.75321 3.61819 398 466
119215 2.70899 3.11077 412 508
119747 3.12779 2.9953 472 495
120272 3.20181 3.51595 446 470
120846 3.2279 4.0515 431 448
121436 3.15366 4.54476 416 428
122065 3.1067 5.07771 406 401
122692 3.08472 5.55466 396 387
123300 3.09679 6.06551 388 378
123905 3.08724 6.55587 381 367
124466 3.1238 7.06695 374 352
125026 3.12328 7.5612 369 347
125648 3.07374 8.08931 365 343
126190 3.19129 8.56045 360 335
126790 3.07531 9.07682 357 328
127281 3.21073 9.59097 354 323
127860 3.18081 10.0932 350 319
128500 2.948 10.5861 349 315
129127 3.22927 11.0694 347 307
129865 3.22632 11.5542 344 304
130645 3.2061 12.0729 343 304
131407 3.13078 12.5472 341 299
132097 3.37257 13.0771 339 297
132843 3.24184 13.5531 337 296
133706 3.04801 14.1162 336 293
134488 3.50425 14.4845 335 290
135357 3.11604 15.1071 334 289
136132 2.7967 15.6063 333 287
136769 2.93722 16.0925 331 286
137415 3.07448 16.5703 330 284
138049 3.10061 17.0758 329 279