1 1680333692
2 1680333692
3 1680333692
4 1680333692
5 1680333692
6 1680333692
7 1680333692
8 1680333692
9 1680333692
10 1680333692
11 1680333692
12 1680333692
13 1680333692
14 1680333692
15 1680333692
16 1680333692
17 1680333693
18 1680333693
19 1680333693
20 1680333693
21 1680333693
22 1680333693
23 1680333693
24 1680333693
25 1680333693
26 1680333693
27 1680333693
28 1680333693
29 1680333693
30 1680333693
31 1680333693
32 1680333693
33 1680333693
34 1680333693
35 1680333693
36 1680333693
37 1680333693
38 1680333693
39 1680333693
40 1680333693
41 1680333693
42 1680333693
43 1680333693
44 1680333693
45 1680333693
46 1680333693
47 1680333694
48 1680333694
49 1680333694
50 1680333694
51 1680333694
52 1680333694
53 1680333694
54 1680333694
55 1680333694
56 1680333694
57 1680333694
58 1680333694
59 1680333694
60 1680333694
61 1680333694
62 1680333694
63 1680333694
64 1680333694
65 1680333694
66 1680333694
67 1680333694
68 1680333694
69 1680333694
70 1680333694
71 1680333694
72 1680333694
73 1680333694
74 1680333694
75 1680333694
76 1680333694
77 1680333695
78 1680333695
79 1680333695
80 1680333695
81 1680333695
82 1680333695
83 1680333695
84 1680333695
85 1680333695
86 1680333695
87 1680333695
88 1680333695
89 1680333695
90 1680333695
91 1680333695
92 1680333695
93 1680333695
94 1680333695
95 1680333695
96 1680333695
97 1680333695
98 1680333695
99 1680333695
100 1680333695
101 1680333695
102 1680333695
103 1680333695
104 1680333695
105 1680333695
106 1680333696
107 1680333696
108 1680333696
109 1680333696
110 1680333696
111 1680333696
112 1680333696
113 1680333696
114 1680333696
115 1680333696
116 1680333696
117 1680333696
118 1680333696
119 1680333696
120 1680333696
121 1680333696
122 1680333696
123 1680333696
124 1680333696
125 1680333696
126 1680333696
127 1680333696
128 1680333696
129 1680333696
130 1680333696
131 1680333696
132 1680333696
133 1680333696
134 1680333696
135 1680333696
136 1680333697
137 1680333697
138 1680333697
139 1680333697
140 1680333697
141 1680333697
142 1680333697
143 1680333697
144 1680333697
145 1680333697
146 1680333697
147 1680333697
148 1680333697
149 1680333697
150 1680333697
151 1680333697
152 1680333697
153 1680333697
154 1680333697
155 1680333697
156 1680333697
157 1680333697
158 1680333697
159 1680333697
160 1680333697
161 1680333697
162 1680333697
163 1680333697
164 1680333697
165 1680333697
166 1680333698
167 1680333698
168 1680333698
169 1680333698
170 1680333698
171 1680333698
172 1680333698
173 1680333698
174 1680333698
175 1680333698
176 1680333698
177 1680333698
178 1680333698
179 1680333698
180 1680333698
181 1680333698
182 1680333698
183 1680333698
184 1680333698
185 1680333698
186 1680333698
187 1680333698
188 1680333698
189 1680333698
190 1680333698
191 1680333698
192 1680333698
193 1680333698
194 1680333698
195 1680333698
196 1680333699
197 1680333699
198 1680333699
199 1680333699
200 1680333699
201 1680333699
202 1680333699
203 1680333699
204 1680333699
205 1680333699
206 1680333699
207 1680333699
208 1680333699
209 1680333699
210 1680333699
211 1680333699
212 1680333699
213 1680333699
214 1680333699
215 1680333699
216 1680333699
217 1680333699
218 1680333699
219 1680333699
220 1680333699
221 1680333699
222 1680333699
223 1680333699
224 1680333699
225 1680333699
226 1680333700
227 1680333700
228 1680333700
229 1680333700
230 1680333700
231 1680333700
232 1680333700
233 1680333700
234 1680333700
235 1680333700
236 1680333700
237 1680333700
238 1680333700
239 1680333700
240 1680333700
241 1680333700
242 1680333700
243 1680333700
244 1680333700
245 1680333700
246 1680333700
247 1680333700
248 1680333700
249 1680333700
250 1680333700
251 1680333700
252 1680333700
253 1680333700
254 1680333700
255 1680333701
256 1680333701
257 1680333701
258 1680333701
259 1680333701
260 1680333701
261 1680333701
262 1680333701
263 1680333701
264 1680333701
265 1680333701
266 1680333701
267 1680333701
268 1680333701
269 1680333701
270 1680333701
271 1680333701
272 1680333701
273 1680333701
274 1680333701
275 1680333701
276 1680333701
277 1680333701
278 1680333701
279 1680333701
280 1680333701
281 1680333701
282 1680333701
283 1680333701
284 1680333701
285 1680333702
286 1680333702
287 1680333702
288 1680333702
289 1680333702
290 1680333702
291 1680333702
292 1680333702
293 1680333702
294 1680333702
295 1680333702
296 1680333702
297 1680333702
298 1680333702
299 1680333702
300 1680333702
301 1680333702
302 1680333702
303 1680333702
304 1680333702
305 1680333702
306 1680333702
307 1680333702
308 1680333702
309 1680333702
310 1680333702
311 1680333702
312 1680333702
313 1680333702
314 1680333703
315 1680333703
316 1680333703
317 1680333703
318 1680333703
319 1680333703
320 1680333703
321 1680333703
322 1680333703
323 1680333703
324 1680333703
325 1680333703
326 1680333703
327 1680333703
328 1680333703
329 1680333703
330 1680333703
331 1680333703
332 1680333703
333 1680333703
334 1680333703
335 1680333703
336 1680333703
337 1680333703
338 1680333703
339 1680333703
340 1680333703
341 1680333703
342 1680333703
343 1680333703
344 1680333703
345 1680333704
346 1680333704
347 1680333704
348 1680333704
349 1680333704
350 1680333704
351 1680333704
352 1680333704
