1 1698495523062 1 101 1.8250961 102 2.223896
2 1698495523525 1 101 0.7741411 102 1.581124
3 1698495523795 1 101 0.8022921 102 1.595200
4 1698495524281 1 101 0.7976001 102 1.585816
5 1698495524557 1 101 0.8445171 102 1.571741
6 1698495525036 1 101 0.7600661 102 1.571741
7 1698495525286 1 101 0.8022921 102 1.581124
8 1698495525532 1 101 0.7647581 102 1.552974
9 1698495525784 1 101 0.8257501 102 1.562357
10 1698495526040 1 101 0.8304421 102 1.571741
11 1698495526535 1 101 0.8022921 102 1.609275
12 1698495526789 1 101 0.8257501 102 1.557666
13 1698495527293 1 101 0.8069831 102 1.571741
14 1698495527790 1 101 0.7976001 102 1.599891
15 1698495528286 1 101 0.8163671 102 1.557666
16 1698495528790 1 101 0.8351341 102 1.567049
17 1698495529288 1 101 0.7835251 102 1.595200
18 1698495529785 1 101 0.8398261 102 1.585816
19 1698495530285 1 101 0.7882161 102 1.567049
20 1698495530565 1 101 0.7976001 102 1.590508
21 1698495531041 1 101 0.7694491 102 1.557666
22 1698495531548 1 101 0.8022921 102 1.585816
23 1698495532041 1 101 0.7929081 102 1.581124
24 1698495532545 1 101 0.7929081 102 1.576433
25 1698495533044 1 101 0.7929081 102 1.590508
26 1698495533538 1 101 0.8351341 102 1.548282
27 1698495534039 1 101 0.8304421 102 1.571741
28 1698495534549 1 101 0.7976001 102 1.548282
29 1698495535039 1 101 0.8210591 102 1.552974
30 1698495535542 1 101 0.7835251 102 1.581124
31 1698495536051 1 101 0.7835251 102 1.552974
32 1698495536559 1 101 0.7929081 102 1.585816
33 1698495537038 1 101 0.7788331 102 1.576433
34 1698495537299 1 101 0.7741411 102 1.552974
35 1698495537802 1 101 0.8304421 102 1.599891
36 1698495538304 1 101 0.7788331 102 1.576433
37 1698495538794 1 101 0.7694491 102 1.567049
38 1698495539289 1 101 0.8116751 102 1.538898
39 1698495539788 1 101 0.8116751 102 1.538898
40 1698495540045 1 101 0.7788331 102 1.538898
41 1698495540537 1 101 0.7976001 102 1.562357
42 1698495541035 1 101 0.7647581 102 1.562357
43 1698495541291 1 101 0.7929081 102 1.576433
44 1698495541784 1 101 0.8445171 102 1.604583
45 1698495542040 1 101 0.7929081 102 1.590508
46 1698495542561 1 101 0.8116751 102 1.557666
47 1698495543043 1 101 0.8069831 102 1.543590
48 1698495543541 1 101 0.7929081 102 1.552974
49 1698495544038 1 101 0.7882161 102 1.538898
50 1698495544285 1 101 0.8163671 102 1.557666
51 1698495544541 1 101 0.8022921 102 1.562357
52 1698495545053 1 101 0.8116751 102 1.581124
53 1698495545543 1 101 0.8069831 102 1.548282
54 1698495546055 1 101 0.8445171 102 1.567049
55 1698495546538 1 101 0.7976001 102 1.595200
56 1698495546790 1 101 0.7741411 102 1.585816
57 1698495547286 1 101 0.7976001 102 1.557666
58 1698495547539 1 101 0.8210591 102 1.538898
59 1698495547800 1 101 0.7835251 102 1.543590
60 1698495548302 1 101 0.7976001 102 1.571741
61 1698495548807 1 101 0.8304421 102 1.567049
62 1698495549299 1 101 0.7882161 102 1.567049
63 1698495549810 1 101 0.8773601 102 1.576433
64 1698495550322 1 101 0.8492091 102 1.562357
65 1698495550797 1 101 0.8116751 102 1.613967
66 1698495551288 1 101 0.7788331 102 1.585816
67 1698495551787 1 101 0.8304421 102 1.548282
68 1698495552045 1 101 0.8539011 102 1.538898
69 1698495552541 1 101 0.8351341 102 1.590508
70 1698495553069 1 101 0.8069831 102 1.576433
71 1698495578537 1 101 1.8767061 102 2.270814
72 1698495578785 1 101 1.9048561 102 2.270814
73 1698495579040 1 101 1.8767061 102 2.270814
74 1698495579551 1 101 1.8813971 102 2.247355
75 1698495580045 1 101 1.8907811 102 2.252047
76 1698495580537 1 101 1.8907811 102 2.261430
77 1698495580789 1 101 1.8907811 102 2.242663
78 1698495581040 1 101 1.8720141 102 2.237971
79 1698495581290 1 101 1.9001641 102 2.228588
80 1698495581544 1 101 1.8767061 102 2.228588
81 1698495582043 1 101 1.8813971 102 2.223896
82 1698495582289 1 101 1.8860891 102 2.247355
83 1698495582794 1 101 1.8907811 102 2.247355
84 1698495583297 1 101 1.8860891 102 2.270814
85 1698495583789 1 101 1.8954731 102 2.261430
86 1698495584042 1 101 1.8532471 102 2.237971
87 1698495584554 1 101 1.9142401 102 2.256738
88 1698495585043 1 101 1.8579381 102 2.228588
89 1698495585541 1 101 1.8673221 102 2.233279
90 1698495585794 1 101 1.8860891 102 2.237971
91 1698495586296 1 101 1.9142401 102 2.275506
92 1698495586791 1 101 1.8579381 102 2.298964
93 1698495587044 1 101 1.8860891 102 2.252047
94 1698495587544 1 101 1.8907811 102 2.261430
95 1698495588043 1 101 1.8907811 102 2.233279
96 1698495588539 1 101 1.8767061 102 2.247355
97 1698495588792 1 101 1.8673221 102 2.242663
98 1698495589295 1 101 1.8954731 102 2.261430
99 1698495589804 1 101 1.8860891 102 2.219204
100 1698495590292 1 101 1.8907811 102 2.252047
101 1698495590796 1 101 1.8907811 102 2.228588
102 1698495591289 1 101 1.8954731 102 2.242663
103 1698495591540 1 101 1.9048561 102 2.275506
104 1698495591789 1 101 1.9048561 102 2.261430
105 1698495592041 1 101 1.8907811 102 2.256738
106 1698495592296 1 101 1.8767061 102 2.237971
107 1698495592787 1 101 1.8767061 102 2.233279
108 1698495593035 1 101 1.8720141 102 2.233279
109 1698495593288 1 101 1.8673221 102 2.261430
110 1698495593536 1 101 1.9048561 102 2.284889
111 1698495593794 1 101 1.8860891 102 2.252047
112 1698495594288 1 101 1.8767061 102 2.242663
113 1698495594540 1 101 1.8907811 102 2.237971
114 1698495594798 1 101 1.8720141 102 2.247355
115 1698495595289 1 101 1.8720141 102 2.289581
116 1698495595544 1 101 1.8767061 102 2.275506
117 1698495595792 1 101 1.8767061 102 2.266122
118 1698495596043 1 101 1.8813971 102 2.233279
119 1698495596542 1 101 1.8673221 102 2.266122
120 1698495596795 1 101 1.8673221 102 2.247355
121 1698495597299 1 101 1.8720141 102 2.280197
122 1698495597794 1 101 1.9189311 102 2.256738
123 1698495598296 1 101 1.8626301 102 2.237971
124 1698495598797 1 101 1.8767061 102 2.233279
125 1698495599289 1 101 1.8954731 102 2.233279
126 1698495599803 1 101 1.8954731 102 2.247355
127 1698495600292 1 101 1.9095481 102 2.242663
128 1698495600791 1 101 1.8860891 102 2.275506
129 1698495601042 1 101 1.8720141 102 2.237971
130 1698495601292 1 101 1.9048561 102 2.233279
131 1698495601793 1 101 1.9048561 102 2.261430
132 1698495602298 1 101 1.8813971 102 2.256738
133 1698495602796 1 101 1.8673221 102 2.252047
134 1698495603291 1 101 1.8860891 102 2.242663
135 1698495603540 1 101 1.8813971 102 2.266122
136 1698495603790 1 101 1.8813971 102 2.275506
137 1698495604048 1 101 1.8720141 102 2.247355
138 1698495604541 1 101 1.8673221 102 2.237971
139 1698495604793 1 101 1.8907811 102 2.252047
140 1698495627541 1 101 2.9558111 102 3.209167
141 1698495627797 1 101 2.9511191 102 3.223242
142 1698495628308 1 101 2.9276611 102 3.227933
143 1698495628797 1 101 2.9698871 102 3.209167
144 1698495629292 1 101 2.9276611 102 3.232625
145 1698495629547 1 101 2.9323521 102 3.162249
146 1698495630056 1 101 2.9323521 102 3.176324
147 1698495630546 1 101 2.9651951 102 3.195091
148 1698495630795 1 101 2.9511191 102 3.199783
149 1698495631339 1 101 2.9276611 102 3.237317
150 1698495631808 1 101 2.9182771 102 3.185708
151 1698495632300 1 101 2.9323521 102 3.204475
152 1698495632809 1 101 2.9605031 102 3.251392
153 1698495633294 1 101 2.9464281 102 3.185708
154 1698495633576 1 101 2.9229691 102 3.223242
155 1698495634055 1 101 2.9464281 102 3.251392
156 1698495634580 1 101 2.9745781 102 3.190399
157 1698495635049 1 101 2.9558111 102 3.204475
158 1698495635556 1 101 2.9229691 102 3.185708
159 1698495636043 1 101 2.9182771 102 3.181016
160 1698495636299 1 101 2.9417361 102 3.171632
161 1698495636797 1 101 2.9323521 102 3.195091
162 1698495637320 1 101 2.9370441 102 3.199783
163 1698495637806 1 101 2.9558111 102 3.227933
164 1698495638293 1 101 2.9464281 102 3.195091
165 1698495638544 1 101 2.9605031 102 3.166940
166 1698495638796 1 101 2.9839621 102 3.209167
167 1698495639309 1 101 2.9370441 102 3.190399
168 1698495639804 1 101 2.9088941 102 3.181016
169 1698495640297 1 101 2.9370441 102 3.195091
170 1698495640802 1 101 2.9745781 102 3.190399
171 1698495641298 1 101 2.9276611 102 3.209167
172 1698495641801 1 101 2.9464281 102 3.185708
173 1698495642297 1 101 2.9464281 102 3.204475
174 1698495642810 1 101 2.9792701 102 3.218550
175 1698495643293 1 101 2.9464281 102 3.190399
176 1698495643546 1 101 2.9229691 102 3.218550
177 1698495643794 1 101 2.9605031 102 3.237317
178 1698495644045 1 101 2.9511191 102 3.246701
179 1698495644295 1 101 2.9511191 102 3.209167
180 1698495644547 1 101 2.9558111 102 3.181016
181 1698495645059 1 101 2.9417361 102 3.176324
182 1698495645552 1 101 2.9323521 102 3.176324
183 1698495646047 1 101 2.9323521 102 3.195091
184 1698495646298 1 101 2.9088941 102 3.185708
185 1698495646807 1 101 2.9511191 102 3.204475
186 1698495647302 1 101 2.9651951 102 3.185708
187 1698495647795 1 101 2.9088941 102 3.218550
188 1698495648102 1 101 2.9182771 102 3.209167
189 1698495648548 1 101 2.9558111 102 3.181016
190 1698495649051 1 101 2.9417361 102 3.246701
191 1698495649543 1 101 2.9605031 102 3.232625
192 1698495649795 1 101 2.9745781 102 3.199783
193 1698495650054 1 101 2.9511191 102 3.195091
194 1698495650545 1 101 2.9745781 102 3.185708
195 1698495651056 1 101 2.9135851 102 3.195091
196 1698495651554 1 101 2.9511191 102 3.204475
197 1698495652065 1 101 2.9511191 102 3.227933
198 1698495652550 1 101 2.9464281 102 3.213858
199 1698495653089 1 101 2.9464281 102 3.185708
200 1698495653568 1 101 2.9698871 102 3.237317
201 1698495654046 1 101 2.9229691 102 3.237317
202 1698495654584 1 101 2.9182771 102 3.185708
203 1698495655066 1 101 2.9558111 102 3.195091
204 1698495655545 1 101 2.9417361 102 3.223242
205 1698495656055 1 101 2.9511191 102 3.181016
206 1698495656555 1 101 2.9605031 102 3.185708
207 1698495657064 1 101 2.9792701 102 3.195091
208 1698495657556 1 101 2.9558111 102 3.209167
209 1698495658060 1 101 2.9417361 102 3.232625
210 1698495658576 1 101 2.9370441 102 3.199783
211 1698495684300 1 101 4.0255331 102 4.170978
212 1698495684799 1 101 4.0020751 102 4.166286
213 1698495685302 1 101 3.9739241 102 4.138135
214 1698495685797 1 101 3.9973831 102 4.142828
215 1698495686328 1 101 3.9833071 102 4.119369
216 1698495686821 1 101 3.9786161 102 4.175670
217 1698495687305 1 101 3.9879991 102 4.180362
218 1698495687800 1 101 3.9879991 102 4.156903
219 1698495688313 1 101 3.9739241 102 4.166286
220 1698495688794 1 101 3.9551571 102 4.156903
221 1698495689076 1 101 4.0020751 102 4.142828
222 1698495689552 1 101 4.0067661 102 4.180362
223 1698495690055 1 101 3.9739241 102 4.161594
224 1698495690316 1 101 3.9739241 102 4.156903
225 1698495690803 1 101 3.9926911 102 4.156903
226 1698495691342 1 101 3.9973831 102 4.175670
227 1698495691802 1 101 3.9363901 102 4.147519
228 1698495692300 1 101 4.0349171 102 4.203820
229 1698495692807 1 101 3.9833071 102 4.152211
230 1698495693321 1 101 3.9786161 102 4.185053
231 1698495693800 1 101 3.9926911 102 4.180362
232 1698495694313 1 101 4.0020751 102 4.175670
233 1698495694795 1 101 3.9926911 102 4.166286
234 1698495695299 1 101 3.9973831 102 4.185053
235 1698495695831 1 101 3.9692321 102 4.156903
236 1698495696300 1 101 4.0067661 102 4.124060
237 1698495696799 1 101 3.9926911 102 4.147519
238 1698495697326 1 101 4.0020751 102 4.142828
239 1698495697799 1 101 3.9833071 102 4.156903
240 1698495698321 1 101 3.9363901 102 4.175670
241 1698495698800 1 101 3.9973831 102 4.152211
242 1698495699319 1 101 3.9926911 102 4.147519
243 1698495699808 1 101 3.9786161 102 4.152211
244 1698495700300 1 101 3.9786161 102 4.166286
245 1698495700806 1 101 3.9739241 102 4.180362
246 1698495701314 1 101 3.9786161 102 4.138135
247 1698495701799 1 101 4.0067661 102 4.161594
248 1698495702303 1 101 3.9833071 102 4.128752
249 1698495702807 1 101 3.9926911 102 4.166286
250 1698495703301 1 101 4.0161501 102 4.138135
251 1698495703840 1 101 3.9739241 102 4.180362
252 1698495704301 1 101 3.9833071 102 4.147519
253 1698495704801 1 101 3.9926911 102 4.189745
254 1698495705332 1 101 3.9879991 102 4.156903
255 1698495705828 1 101 3.9973831 102 4.199129
256 1698495706299 1 101 3.9879991 102 4.142828
257 1698495706800 1 101 3.9645401 102 4.133444
258 1698495707329 1 101 4.0114581 102 4.147519
259 1698495707824 1 101 4.0114581 102 4.170978
260 1698495708309 1 101 3.9833071 102 4.133444
261 1698495708797 1 101 3.9879991 102 4.133444
262 1698495709064 1 101 3.9645401 102 4.128752
263 1698495709595 1 101 3.9786161 102 4.152211
264 1698495710064 1 101 3.9645401 102 4.166286
265 1698495710581 1 101 3.9645401 102 4.138135
266 1698495711045 1 101 3.9833071 102 4.161594
267 1698495711297 1 101 3.9926911 102 4.175670
268 1698495711572 1 101 3.9926911 102 4.142828
269 1698495712075 1 101 3.9879991 102 4.189745
270 1698495712555 1 101 3.9879991 102 4.175670
271 1698495713055 1 101 3.9879991 102 4.175670
272 1698495713562 1 101 3.9692321 102 4.189745
273 1698495714048 1 101 3.9926911 102 4.180362
274 1698495714303 1 101 3.9739241 102 4.166286
275 1698495714795 1 101 3.9926911 102 4.133444
276 1698495715050 1 101 3.9786161 102 4.156903
277 1698495715563 1 101 4.0114581 102 4.142828
278 1698495716075 1 101 3.9833071 102 4.152211
279 1698495716551 1 101 4.0161501 102 4.124060
280 1698495745048 1 101 5.0295711 102 5.132790
281 1698495745311 1 101 5.0014201 102 5.165632
282 1698495745810 1 101 5.0154951 102 5.170324
283 1698495746302 1 101 5.0061121 102 5.142173
284 1698495746798 1 101 5.0108041 102 5.170324
285 1698495747050 1 101 5.0061121 102 5.160940
286 1698495747565 1 101 5.0248791 102 5.142173
287 1698495748044 1 101 5.0014201 102 5.156249
288 1698495748317 1 101 5.0108041 102 5.151556
289 1698495748803 1 101 4.9967281 102 5.170324
290 1698495749304 1 101 5.0108041 102 5.179707
291 1698495749803 1 101 5.0108041 102 5.184399
292 1698495750317 1 101 4.9967281 102 5.128098
293 1698495750810 1 101 5.0201871 102 5.203166
294 1698495751307 1 101 5.0248791 102 5.184399
295 1698495751798 1 101 5.0342631 102 5.175015
296 1698495752063 1 101 5.0154951 102 5.179707
297 1698495752568 1 101 5.0154951 102 5.160940
298 1698495753059 1 101 5.0154951 102 5.151556
299 1698495753548 1 101 4.9920371 102 5.128098
300 1698495753801 1 101 5.0295711 102 5.170324
301 1698495754054 1 101 5.0248791 102 5.165632
302 1698495754583 1 101 5.0389541 102 5.165632
303 1698495755059 1 101 5.0014201 102 5.156249
304 1698495755562 1 101 5.0248791 102 5.170324
305 1698495756058 1 101 5.0014201 102 5.175015
306 1698495756557 1 101 5.0342631 102 5.146865
307 1698495757052 1 101 5.0248791 102 5.165632
308 1698495757568 1 101 5.0108041 102 5.193782
309 1698495758053 1 101 4.9826531 102 5.179707
310 1698495758557 1 101 5.0483381 102 5.156249
311 1698495759073 1 101 5.0436461 102 5.170324
312 1698495759548 1 101 5.0342631 102 5.137481
313 1698495759801 1 101 5.0342631 102 5.160940
314 1698495760309 1 101 5.0295711 102 5.179707
315 1698495760807 1 101 5.0154951 102 5.184399
316 1698495761299 1 101 5.0436461 102 5.146865
317 1698495761552 1 101 4.9967281 102 5.146865
318 1698495761801 1 101 5.0530301 102 5.184399
319 1698495762328 1 101 5.0295711 102 5.165632
320 1698495762828 1 101 5.0061121 102 5.170324
321 1698495763302 1 101 5.0342631 102 5.170324
322 1698495763800 1 101 5.0061121 102 5.189091
323 1698495764052 1 101 5.0248791 102 5.170324
324 1698495764563 1 101 5.0061121 102 5.175015
325 1698495765051 1 101 5.0248791 102 5.142173
326 1698495765562 1 101 4.9920371 102 5.175015
327 1698495766103 1 101 5.0577211 102 5.175015
328 1698495766551 1 101 4.9873451 102 5.170324
329 1698495766808 1 101 5.0061121 102 5.189091
330 1698495767324 1 101 5.0201871 102 5.175015
331 1698495767811 1 101 5.0108041 102 5.184399
332 1698495768337 1 101 5.0248791 102 5.142173
333 1698495768806 1 101 5.0483381 102 5.151556
334 1698495769318 1 101 5.0154951 102 5.156249
335 1698495769794 1 101 5.0248791 102 5.193782
336 1698495770060 1 101 5.0201871 102 5.156249
337 1698495770558 1 101 5.0108041 102 5.151556
338 1698495771108 1 101 5.0389541 102 5.156249
339 1698495771568 1 101 5.0436461 102 5.189091
340 1698495772047 1 101 5.0389541 102 5.165632
341 1698495772303 1 101 5.0248791 102 5.146865
342 1698495772798 1 101 5.0295711 102 5.165632
343 1698495773053 1 101 5.0201871 102 5.165632
344 1698495773595 1 101 5.0014201 102 5.160940
345 1698495774052 1 101 4.9779621 102 5.175015
346 1698495774305 1 101 5.0061121 102 5.128098
347 1698495774804 1 101 5.0342631 102 5.179707
348 1698495775312 1 101 5.0061121 102 5.142173
349 1698495775805 1 101 5.0248791 102 5.132790
350 1698495776302 1 101 5.0248791 102 5.193782
351 1698495776552 1 101 5.0154951 102 5.189091
352 1698495814820 1 101 6.0429921 102 6.174361
353 1698495815309 1 101 6.0711421 102 6.193128
354 1698495815809 1 101 6.0946011 102 6.164978
355 1698495816305 1 101 6.0758341 102 6.193128
356 1698495816803 1 101 6.0664511 102 6.155594
357 1698495817315 1 101 6.0476841 102 6.179053
358 1698495817806 1 101 6.0664511 102 6.179053
359 1698495818320 1 101 6.0711421 102 6.141519
360 1698495818807 1 101 6.0476841 102 6.193128
361 1698495819302 1 101 6.0336081 102 6.188437
362 1698495819551 1 101 6.0336081 102 6.155594
363 1698495819809 1 101 6.0758341 102 6.179053
364 1698495820312 1 101 6.0429921 102 6.174361
365 1698495820813 1 101 6.0523751 102 6.202512
366 1698495821333 1 101 6.0664511 102 6.193128
367 1698495821809 1 101 6.0242251 102 6.174361
368 1698495822310 1 101 6.0336081 102 6.183744
369 1698495822825 1 101 6.0429921 102 6.164978
370 1698495823322 1 101 6.0570671 102 6.155594
371 1698495823809 1 101 6.0852171 102 6.164978
372 1698495824311 1 101 6.0289161 102 6.160286
373 1698495824807 1 101 6.0429921 102 6.169669
374 1698495825319 1 101 6.0946011 102 6.174361
375 1698495825817 1 101 6.0429921 102 6.202512
376 1698495826308 1 101 6.0383001 102 6.179053
377 1698495826808 1 101 6.0617591 102 6.188437
378 1698495827319 1 101 6.0523751 102 6.183744
379 1698495827828 1 101 6.0617591 102 6.169669
380 1698495828313 1 101 6.0805261 102 6.193128
381 1698495828801 1 101 6.0429921 102 6.169669
382 1698495829056 1 101 6.0523751 102 6.164978
383 1698495829578 1 101 6.0664511 102 6.155594
384 1698495830057 1 101 6.0617591 102 6.150902
385 1698495830566 1 101 6.0570671 102 6.188437
386 1698495831053 1 101 6.0664511 102 6.164978
387 1698495831304 1 101 6.0429921 102 6.188437
388 1698495831806 1 101 6.0242251 102 6.174361
389 1698495832303 1 101 6.0476841 102 6.179053
390 1698495832554 1 101 6.0617591 102 6.164978
391 1698495833058 1 101 6.0570671 102 6.174361
392 1698495833552 1 101 6.0523751 102 6.169669
393 1698495833805 1 101 6.0852171 102 6.169669
394 1698495834306 1 101 6.0476841 102 6.141519
395 1698495834806 1 101 6.0899101 102 6.193128
396 1698495835312 1 101 6.0336081 102 6.174361
397 1698495835807 1 101 6.1133681 102 6.183744
398 1698495836305 1 101 6.0711421 102 6.183744
399 1698495836815 1 101 6.0711421 102 6.193128
400 1698495837329 1 101 6.0805261 102 6.150902
401 1698495837804 1 101 6.0570671 102 6.164978
402 1698495838300 1 101 6.0617591 102 6.179053
403 1698495838560 1 101 6.0523751 102 6.183744
404 1698495839070 1 101 6.0664511 102 6.193128
405 1698495839556 1 101 6.0429921 102 6.164978
406 1698495840071 1 101 6.0617591 102 6.164978
407 1698495840580 1 101 6.0476841 102 6.164978
408 1698495841103 1 101 6.0617591 102 6.197820
409 1698495841552 1 101 6.0429921 102 6.150902
410 1698495841810 1 101 6.0476841 102 6.202512
411 1698495842303 1 101 6.0476841 102 6.188437
412 1698495842561 1 101 6.0383001 102 6.169669
413 1698495843759 1 101 6.0805261 102 6.188437
414 1698495844061 1 101 6.0617591 102 6.174361
415 1698495844554 1 101 6.0289161 102 6.160286
416 1698495844808 1 101 6.0617591 102 6.193128
417 1698495845307 1 101 6.0570671 102 6.179053
418 1698495845804 1 101 6.0336081 102 6.150902
419 1698495846059 1 101 6.0805261 102 6.183744
420 1698495846554 1 101 6.0523751 102 6.188437
421 1698495846813 1 101 6.0758341 102 6.174361
422 1698495886084 1 101 7.0986391 102 7.211241
423 1698495886570 1 101 7.1220971 102 7.154940
424 1698495887066 1 101 7.0704881 102 7.192474
425 1698495887559 1 101 7.1174061 102 7.197165
426 1698495887809 1 101 7.0470291 102 7.154940
427 1698495888093 1 101 7.0939471 102 7.187782
428 1698495888560 1 101 7.1174061 102 7.154940
429 1698495888811 1 101 7.1174061 102 7.197165
430 1698495889061 1 101 7.1174061 102 7.192474
431 1698495889560 1 101 7.1267891 102 7.206549
432 1698495889809 1 101 7.0939471 102 7.230008
433 1698495890323 1 101 7.0939471 102 7.183090
434 1698495890815 1 101 7.0845631 102 7.173707
435 1698495891324 1 101 7.1080221 102 7.183090
436 1698495891814 1 101 7.0986391 102 7.169015
437 1698495892329 1 101 7.0986391 102 7.187782
438 1698495892908 1 101 7.0939471 102 7.178399
439 1698495893310 1 101 7.1267891 102 7.164323
440 1698495893586 1 101 7.1080221 102 7.154940
441 1698495894090 1 101 7.0657961 102 7.201858
442 1698495894615 1 101 7.1127141 102 7.201858
443 1698495895071 1 101 7.0704881 102 7.169015
444 1698495895562 1 101 7.0798721 102 7.169015
445 1698495896082 1 101 7.0798721 102 7.183090
446 1698495896562 1 101 7.1033301 102 7.192474
447 1698495896818 1 101 7.0704881 102 7.183090
448 1698495897329 1 101 7.0798721 102 7.187782
449 1698495897812 1 101 7.1127141 102 7.197165
450 1698495898062 1 101 7.0986391 102 7.159632
451 1698495898316 1 101 7.0611041 102 7.187782
452 1698495898816 1 101 7.1174061 102 7.197165
453 1698495899348 1 101 7.0517211 102 7.154940
454 1698495899822 1 101 7.0611041 102 7.169015
455 1698495900339 1 101 7.0939471 102 7.183090
456 1698495900817 1 101 7.0657961 102 7.197165
457 1698495901323 1 101 7.0470291 102 7.225316
458 1698495901813 1 101 7.0986391 102 7.164323
459 1698495902082 1 101 7.0704881 102 7.145556
460 1698495902597 1 101 7.1080221 102 7.225316
461 1698495903078 1 101 7.0657961 102 7.154940
462 1698495903562 1 101 7.0657961 102 7.192474
463 1698495903829 1 101 7.0939471 102 7.178399
464 1698495904313 1 101 7.0611041 102 7.159632
465 1698495904568 1 101 7.0986391 102 7.197165
466 1698495905062 1 101 7.0798721 102 7.230008
467 1698495905338 1 101 7.1174061 102 7.197165
468 1698495905820 1 101 7.0892551 102 7.126789
469 1698495906333 1 101 7.0845631 102 7.220624
470 1698495906826 1 101 7.1080221 102 7.201858
471 1698495907319 1 101 7.1033301 102 7.187782
472 1698495907815 1 101 7.0611041 102 7.201858
473 1698495908061 1 101 7.0986391 102 7.164323
474 1698495908313 1 101 7.0751801 102 7.169015
475 1698495908583 1 101 7.0423371 102 7.220624
476 1698495909067 1 101 7.0986391 102 7.211241
477 1698495909597 1 101 7.1033301 102 7.183090
478 1698495910063 1 101 7.0845631 102 7.183090
479 1698495910568 1 101 7.0470291 102 7.169015
480 1698495911091 1 101 7.1127141 102 7.126789
481 1698495911575 1 101 7.1080221 102 7.215933
482 1698495912073 1 101 7.0986391 102 7.178399
483 1698495912571 1 101 7.0517211 102 7.201858
484 1698495913765 1 101 7.0704881 102 7.192474
485 1698495914072 1 101 7.0517211 102 7.178399
486 1698495914569 1 101 7.0986391 102 7.140864
487 1698495915085 1 101 7.1127141 102 7.183090
488 1698495915589 1 101 7.1080221 102 7.183090
489 1698495916065 1 101 7.0892551 102 7.183090
490 1698495916354 1 101 7.1127141 102 7.197165
491 1698495916818 1 101 7.1502481 102 7.173707
492 1698495917315 1 101 7.0657961 102 7.192474
493 1698495917850 1 101 7.1033301 102 7.173707
494 1698495918313 1 101 7.0845631 102 7.169015
495 1698495918569 1 101 7.1314811 102 7.173707
496 1698495919080 1 101 7.0845631 102 7.178399
497 1698495956359 1 101 8.0745261 102 8.144902
498 1698495956837 1 101 8.1167521 102 8.163669
499 1698495957316 1 101 8.1167521 102 8.173053
500 1698495957566 1 101 8.0839091 102 8.177744
501 1698495957828 1 101 8.0839091 102 8.187128
502 1698495958334 1 101 8.0839091 102 8.173053
503 1698495958816 1 101 8.0839091 102 8.168361
504 1698495959074 1 101 8.0698341 102 8.168361
505 1698495959573 1 101 8.1026761 102 8.191819
506 1698495960080 1 101 8.1261351 102 8.187128
507 1698495960572 1 101 8.1026761 102 8.177744
508 1698495961069 1 101 8.1120601 102 8.196511
509 1698495961321 1 101 8.0979841 102 8.168361
510 1698495961816 1 101 8.0979841 102 8.177744
511 1698495962080 1 101 8.0839091 102 8.173053
512 1698495962639 1 101 8.0979841 102 8.191819
513 1698495963071 1 101 8.1073681 102 8.173053
514 1698495963566 1 101 8.0604511 102 8.205894
515 1698495963824 1 101 8.1120601 102 8.196511
516 1698495964315 1 101 8.0792171 102 8.205894
517 1698495964566 1 101 8.0932921 102 8.173053
518 1698495964819 1 101 8.1355181 102 8.187128
519 1698495965319 1 101 8.0886011 102 8.187128
520 1698495965872 1 101 8.0886011 102 8.163669
521 1698495966325 1 101 8.1026761 102 8.177744
522 1698495966822 1 101 8.0932921 102 8.177744
523 1698495967333 1 101 8.1120601 102 8.201203
524 1698495967842 1 101 8.0886011 102 8.168361
525 1698495968321 1 101 8.1261351 102 8.168361
526 1698495968827 1 101 8.0792171 102 8.177744
527 1698495969317 1 101 8.0979841 102 8.182436
528 1698495969568 1 101 8.1026761 102 8.191819
529 1698495969815 1 101 8.0839091 102 8.196511
530 1698495970074 1 101 8.1261351 102 8.168361
531 1698495970569 1 101 8.0979841 102 8.205894
532 1698495971077 1 101 8.1026761 102 8.177744
533 1698495971566 1 101 8.1026761 102 8.196511
534 1698495971818 1 101 8.0839091 102 8.205894
535 1698495972087 1 101 8.1120601 102 8.187128
536 1698495972592 1 101 8.0979841 102 8.168361
537 1698495973067 1 101 8.1026761 102 8.201203
538 1698495973324 1 101 8.1120601 102 8.201203
539 1698495973819 1 101 8.1214431 102 8.191819
540 1698495974071 1 101 8.1308271 102 8.187128
541 1698495974325 1 101 8.1073681 102 8.177744
542 1698495974819 1 101 8.1214431 102 8.196511
543 1698495975326 1 101 8.0792171 102 8.168361
544 1698495975823 1 101 8.1073681 102 8.191819
545 1698495976330 1 101 8.1026761 102 8.196511
546 1698495976821 1 101 8.1120601 102 8.168361
547 1698495977324 1 101 8.1026761 102 8.201203
548 1698495977824 1 101 8.1120601 102 8.201203
549 1698495978326 1 101 8.0886011 102 8.191819
550 1698495978828 1 101 8.0792171 102 8.149593
551 1698495979338 1 101 8.0932921 102 8.154285
552 1698495979823 1 101 8.1073681 102 8.210587
553 1698495980326 1 101 8.0839091 102 8.182436
554 1698495980835 1 101 8.1073681 102 8.163669
555 1698495981328 1 101 8.0932921 102 8.177744
556 1698495981827 1 101 8.1167521 102 8.177744
557 1698495982330 1 101 8.0839091 102 8.187128
558 1698495982833 1 101 8.1073681 102 8.182436
559 1698495983339 1 101 8.0839091 102 8.205894
560 1698495983819 1 101 8.0932921 102 8.229354
561 1698495984070 1 101 8.1026761 102 8.149593
562 1698495984333 1 101 8.0979841 102 8.154285
563 1698495984852 1 101 8.0604511 102 8.177744
564 1698495985324 1 101 8.1261351 102 8.173053
565 1698495985827 1 101 8.1073681 102 8.182436
566 1698495986318 1 101 8.0745261 102 8.187128
567 1698495986822 1 101 8.0745261 102 8.187128
568 1698495987075 1 101 8.0979841 102 8.173053
569 1698496026825 1 101 9.1114051 102 9.195857
570 1698496027076 1 101 9.1442481 102 9.191165
571 1698496027322 1 101 9.1301731 102 9.191165
572 1698496027580 1 101 9.1489391 102 9.172399
573 1698496028093 1 101 9.1395561 102 9.191165
574 1698496028573 1 101 9.0973301 102 9.186474
575 1698496028828 1 101 9.1677061 102 9.191165
576 1698496029327 1 101 9.1348641 102 9.195857
577 1698496029591 1 101 9.1301731 102 9.177090
578 1698496030076 1 101 9.1536311 102 9.177090
579 1698496030586 1 101 9.1160971 102 9.209932
580 1698496031084 1 101 9.1348641 102 9.181782
581 1698496031593 1 101 9.1489391 102 9.177090
582 1698496032089 1 101 9.1207891 102 9.181782
583 1698496032591 1 101 9.1348641 102 9.186474
584 1698496033080 1 101 9.1395561 102 9.214624
585 1698496033580 1 101 9.1207891 102 9.186474
586 1698496034086 1 101 9.1207891 102 9.224008
587 1698496034575 1 101 9.1254811 102 9.238083
588 1698496034864 1 101 9.1583231 102 9.228700
589 1698496035362 1 101 9.1301731 102 9.214624
590 1698496035825 1 101 9.1630141 102 9.205240
591 1698496036088 1 101 9.1160971 102 9.191165
592 1698496036583 1 101 9.1114051 102 9.186474
593 1698496037092 1 101 9.1489391 102 9.200549
594 1698496037578 1 101 9.1536311 102 9.242775
595 1698496038079 1 101 9.1301731 102 9.177090
596 1698496038588 1 101 9.1630141 102 9.238083
597 1698496039079 1 101 9.1630141 102 9.167706
598 1698496039589 1 101 9.1489391 102 9.224008
599 1698496040084 1 101 9.1160971 102 9.238083
600 1698496040571 1 101 9.1348641 102 9.205240
601 1698496040834 1 101 9.1723991 102 9.186474
602 1698496041337 1 101 9.1395561 102 9.219316
603 1698496041836 1 101 9.1395561 102 9.200549
604 1698496042340 1 101 9.1817821 102 9.191165
605 1698496042875 1 101 9.1114051 102 9.233391
606 1698496043347 1 101 9.1207891 102 9.224008
607 1698496043844 1 101 9.1677061 102 9.186474
608 1698496044337 1 101 9.1723991 102 9.195857
609 1698496044871 1 101 9.1817821 102 9.195857
610 1698496045326 1 101 9.1301731 102 9.181782
611 1698496045855 1 101 9.1489391 102 9.191165
612 1698496046335 1 101 9.1489391 102 9.191165
613 1698496046841 1 101 9.1207891 102 9.214624
614 1698496047341 1 101 9.1442481 102 9.186474
615 1698496047887 1 101 9.1160971 102 9.186474
616 1698496048328 1 101 9.1442481 102 9.256850
617 1698496048852 1 101 9.1536311 102 9.252158
618 1698496049326 1 101 9.1630141 102 9.261541
619 1698496049877 1 101 9.1067131 102 9.186474
620 1698496050328 1 101 9.1536311 102 9.214624
621 1698496050831 1 101 9.1442481 102 9.200549
622 1698496051384 1 101 9.1536311 102 9.195857
623 1698496051858 1 101 9.1207891 102 9.205240
624 1698496052329 1 101 9.1301731 102 9.163014
625 1698496052855 1 101 9.1677061 102 9.167706
626 1698496053332 1 101 9.1723991 102 9.209932
627 1698496053843 1 101 9.1301731 102 9.205240
628 1698496054357 1 101 9.1489391 102 9.195857
629 1698496054842 1 101 9.1489391 102 9.195857
630 1698496055328 1 101 9.1301731 102 9.200549
631 1698496055881 1 101 9.0926381 102 9.177090
632 1698496056331 1 101 9.1207891 102 9.224008
633 1698496056833 1 101 9.1489391 102 9.195857
634 1698496057116 1 101 9.1630141 102 9.228700
635 1698496057589 1 101 9.1677061 102 9.191165