506 468 507 2.9629 3.15406
1347 445 478 2.9309 3.59213
2079 429 446 2.92551 4.06423
2904 415 421 2.91865 4.58865
3728 404 400 2.90293 5.06221
4481 396 387 2.91694 5.62246
5251 388 367 2.92052 6.23896
6020 381 362 2.85831 6.46583
6773 374 352 2.84627 7.11241
7504 370 348 2.81135 7.33238
8318 365 342 2.78151 7.77313
9111 362 332 2.80056 8.41705
9813 339 331 2.37217 8.41705
10565 341 335 2.3825 7.99147
11184 344 344 2.40028 7.48675
11880 348 351 2.43428 7.07703
12536 353 357 2.4796 6.70982
13191 356 374 2.44628 5.90242
13855 362 387 2.48669 5.55657
14475 368 401 2.49308 5.00874
15165 376 422 2.50839 4.48733
15880 384 442 2.52825 4.11122
16592 397 467 2.55795 3.63806
17179 411 515 2.53307 3.00736
18031 353 503 2.15593 3.10586
18840 348 466 2.16202 3.61955
19626 344 441 2.16106 4.06423
20327 338 417 2.13348 4.5302
21140 335 399 2.1291 5.04426
21997 331 387 2.10642 5.57836
22893 328 368 2.08938 6.15793
23755 325 357 2.06041 6.58557
24675 322 351 2.02347 6.90525
25430 321 341 2.01775 7.40876
26214 320 336 2.00748 7.77313
26942 318 329 1.98165 8.46716
27606 297 325 1.58114 8.67367
28453 296 331 1.58006 8.17519
29171 296 340 1.6007 7.60686
29972 296 349 1.62372 6.97295
30756 297 360 1.65443 6.52515
31545 298 368 1.68227 6.10507
32300 298 375 1.69105 5.82985
33031 297 394 1.69595 5.30777
33786 298 418 1.73432 4.47321
34522 300 439 1.7663 4.02969
35286 301 461 1.78464 3.65677
36077 300 494 1.78879 3.21102
36803 241 497 1.37857 3.15406
37575 250 463 1.38213 3.58308
38441 254 439 1.3605 3.99574
39367 260 417 1.35654 4.48733
40408 262 396 1.29142 5.24901
41335 265 382 1.30075 5.49221
42112 267 372 1.28384 5.90242
42894 269 359 1.25864 6.43657
43707 273 348 1.27765 6.87189
44564 273 340 1.23748 7.33238
45352 273 333 1.20273 7.73088
46115 274 328 1.16987 8.31861
46789 252 325 0.731407 8.56917
47556 250 331 0.767034 8.03662
48268 248 337 0.798493 7.56639
49018 245 348 0.841866 6.93894
49769 242 356 0.864919 6.49535
50565 237 369 0.88376 5.95181
51349 232 382 0.90718 5.45012
52194 226 399 0.958049 4.80568
53013 218 418 0.951171 4.43141
53838 208 440 0.966561 3.94039
54657 198 457 0.958261 3.62878
55586 183 510 1.04565 2.90302
57116 148 456 0.553388 3.63806
58089 164 436 0.553576 4.02969
58918 178 412 0.542299 4.48733
59709 189 393 0.504296 5.02644
60449 197 376 0.479717 5.47109
61159 206 364 0.469588 5.97682
61896 212 355 0.453227 6.40758
62618 215 346 0.388483 6.90525
63362 222 342 0.446848 7.14815
64148 226 333 0.398688 7.73088
64835 231 328 0.378341 8.31861
