506 468 507 3.05074 3.08802
1347 445 478 3.18551 3.45745
2079 429 446 3.2022 4.0645
2904 415 421 2.84955 4.56117
3728 404 400 2.9971 4.99894
4481 396 387 3.05671 5.53371
5251 388 367 3.10308 6.09688
6020 381 362 3.05781 7.14786
6773 374 352 3.13796 7.10305
7504 370 348 3.13796 7.56235
8318 365 342 3.06767 8.03047
9111 362 332 3.14268 8.72025
9813 339 331 2.78114 8.7065
10565 341 335 2.85001 8.34105
11184 344 344 2.56772 7.94112
11880 348 351 2.6293 7.41063
12536 353 357 2.74075 7.12828
13191 356 374 2.62159 6.14394
13855 362 387 2.71359 5.62993
14475 368 401 2.89751 5.09516
15165 376 422 2.64545 4.5961
15880 384 442 2.66607 4.42942
16592 397 467 2.71412 3.39347
17179 411 515 2.72201 3.08802
18031 353 503 2.50154 3.0587
18840 348 466 2.39052 3.71997
19626 344 441 2.38056 4.1623
20327 338 417 2.32593 4.58542
21140 335 399 2.61176 4.7371
21997 331 387 2.3564 5.53773
22893 328 368 2.36568 6.31597
23755 325 357 2.62384 7.08799
24675 322 351 2.30034 7.40739
25430 321 341 2.81679 7.97918
26214 320 336 2.25893 8.49216
26942 318 329 2.36647 8.82539
27606 297 325 1.94431 9.15088
28453 296 331 1.86797 8.55543
29171 296 340 1.94414 7.79357
29972 296 349 1.87833 7.26799
30756 297 360 1.87374 6.56167
31545 298 368 1.73544 6.08395
32300 298 375 1.73544 6.10345
33031 297 394 1.87786 4.98023
33786 298 418 1.77624 4.58983
34522 300 439 1.80842 4.09316
35286 301 461 1.82603 3.62005
36077 300 494 1.83967 3.18411
36803 241 497 1.3787 3.22386
37575 250 463 1.42771 3.53024
38441 254 439 1.44103 4.01247
39367 260 417 1.47828 4.46879
40408 262 396 1.52303 5.18746
41335 265 382 1.52414 5.42633
42112 267 372 1.49778 5.89681
42894 269 359 1.18104 6.55484
43707 273 348 1.51737 7.18399
44564 273 340 1.58318 7.6501
45352 273 333 1.43832 8.11748
46115 274 328 1.40856 8.67831
46789 252 325 0.998212 9.30599
47556 250 331 0.904533 8.35233
48268 248 337 0.98359 7.91426
49018 245 348 1.01498 7.11413
49769 242 356 1.00148 6.84252
50565 237 369 1.07666 6.00962
51349 232 382 0.993886 5.64159
52194 226 399 1.01074 5.02743
53013 218 418 0.964011 4.58589
53838 208 440 1.04001 4.08922
54657 198 457 0.713616 3.58726
55586 183 510 0.791867 3.21043
57116 148 456 0.691359 3.56333
58089 164 436 0.607675 4.05095
58918 178 412 0.639284 4.98155
59709 189 393 0.629521 4.98188
60449 197 376 0.644401 6.14818
61159 206 364 0.637167 6.56783
61896 212 355 0.650228 6.85301
62618 215 346 0.369335 7.20037
63362 222 342 0.669748 7.63035
64148 226 333 0.617304 8.45541
64835 231 328 0.587535 9.05512
