506 468 507 3.17734 3.0846
1347 445 478 3.20897 3.58629
2079 429 446 3.21604 4.06661
2904 415 421 3.20748 4.57524
3728 404 400 3.1858 5.07542
4481 396 387 3.19255 5.59832
5251 388 367 3.19548 6.07141
6020 381 362 3.17004 6.58198
6773 374 352 3.22824 7.06493
7504 370 348 3.20426 7.5961
8318 365 342 3.12263 8.09989
9111 362 332 3.24462 8.56234
9813 339 331 2.82541 8.55125
10565 341 335 2.76958 8.09442
11184 344 344 2.75687 7.59356
11880 348 351 2.77296 7.09277
12536 353 357 2.75758 6.57685
13191 356 374 2.7611 6.06569
13855 362 387 2.7876 5.56408
14475 368 401 2.7881 5.08803
15165 376 422 2.79522 4.56435
15880 384 442 2.78946 4.07643
16592 397 467 2.78501 3.58344
17179 411 515 2.75989 3.08764
18031 353 503 2.33951 3.09207
18840 348 466 2.37912 3.58106
19626 344 441 2.39659 4.07995
20327 338 417 2.36875 4.57841
21140 335 399 2.34766 5.07688
21997 331 387 2.34987 5.55157
22893 328 368 2.36563 6.0735
23755 325 357 2.36192 6.5944
24675 322 351 2.34731 7.09061
25430 321 341 2.33165 7.60676
26214 320 336 2.36863 8.09082
26942 318 329 2.3825 8.55529
27606 297 325 1.93078 8.56893
28453 296 331 1.9375 8.0814
29171 296 340 1.93172 7.60367
29972 296 349 1.9633 7.07175
30756 297 360 1.94652 6.57071
31545 298 368 1.9321 6.08198
32300 298 375 1.94899 5.59251
33031 297 394 1.94474 5.07868
33786 298 418 1.92486 4.55391
34522 300 439 1.92866 4.08736
35286 301 461 1.9439 3.57767
36077 300 494 1.94906 3.09529
36803 241 497 1.50131 3.11527
37575 250 463 1.54992 3.56089
38441 254 439 1.53939 4.08758
39367 260 417 1.52973 4.5674
40408 262 396 1.51189 5.06811
41335 265 382 1.51932 5.59026
42112 267 372 1.52396 6.0823
42894 269 359 2.36071 6.5751
43707 273 348 1.5701 7.09444
44564 273 340 1.50807 7.60166
45352 273 333 1.47859 8.07442
46115 274 328 1.55721 8.57178
46789 252 325 1.12389 8.58563
47556 250 331 1.07662 8.06957
48268 248 337 1.18034 7.57151
49018 245 348 1.08346 7.08243
49769 242 356 1.11729 6.58238
50565 237 369 1.09725 6.0914
51349 232 382 1.08605 5.56661
52194 226 399 1.12568 5.0797
53013 218 418 1.14403 4.58535
53838 208 440 1.14928 4.05484
54657 198 457 1.10791 3.57859
55586 183 510 1.08775 3.09058
57116 148 456 0.721785 3.58658
58089 164 436 0.69525 4.0754
58918 178 412 0.705539 4.58019
59709 189 393 0.737293 5.07716
60449 197 376 0.696773 5.57402
61159 206 364 0.715256 6.08703
61896 212 355 0.695592 6.5856
62618 215 346 0.76765 7.07619
63362 222 342 0.725573 7.59154
64148 226 333 0.748624 8.07927
64835 231 328 0.695088 8.57779
