3.1950000004660835 3.0800000000000005
3.1949999995071092 3.58
3.195000000363154 4.08
3.195000000095123 4.58
3.1950000000729046 5.08
3.195000000823563 5.58
3.1949999999466 6.08
3.1949999989838207 6.58
3.195000000560193 7.08
3.195000000489879 7.58
3.195 8.08
3.1950000011363895 8.58
2.7783333342061547 8.580000000166468
2.7783333337460143 8.080000000106804
2.778333332406435 7.580000000139409
2.778333335052579 7.079999999644759
2.7783333346951262 6.579999999805979
2.778333333435006 6.0799999996708785
2.7783333340155827 5.579999999652111
2.7783333334157385 5.079999999778186
2.7783333325691344 4.580000000253558
2.7783333336249396 4.080000000378894
2.7783333328767776 3.5799999998498793
2.7783333334990306 3.0799999997079297
2.361666667131371 3.0799999999736034
2.3616666660913106 3.5799999998734964
2.3616666667573023 4.080000000398876
2.3616666673021576 4.57999999971256
2.3616666671861193 5.080000000097693
2.3616666670508932 5.579999999590715
2.3616666667051827 6.07999999962284
2.361666665973144 6.580000000296684
2.361666667281658 7.079999999850554
2.3616666671808177 7.579999999646826
2.3616666675626274 8.079999999657922
2.361666665016487 8.58000000001108
1.9449999999999998 8.579999999555133
1.9449999999999998 8.079999999932959
1.9449999999999998 7.57999999965211
1.9449999999999998 7.079999999977245
1.9449999999999998 6.579999999930099
1.9449999999999998 6.080000000460929
1.9449999999999998 5.580000000180913
1.9449999999999998 5.08
1.9449999999999998 4.580000000140048
1.9449999999999998 4.079999999983313
1.9449999999999998 3.580000000030377
1.9449999999999998 3.0799999994265805
1.5283333328686286 3.079999999973603
1.5283333330117808 3.5800000003717787
1.5283333332426978 4.080000000398876
1.528333332697842 4.57999999971256
1.5283333328138806 5.080000000097693
1.5283333329491064 5.579999999590715
1.528333333294817 6.07999999962284
1.528333334026856 6.580000000296684
1.5283333327183417 7.079999999850554
1.528333332819182 7.579999999646826
1.5283333324373727 8.079999999657922
1.5283333349835129 8.58000000001108
1.111666665793845 8.580000000166468
1.1116666662539854 8.080000000106804
1.1116666675935645 7.5800000001394086
1.1116666649474207 7.079999999644759
1.1116666653048735 6.579999999805979
1.1116666665649935 6.0799999996708785
1.111666665984417 5.579999999652111
1.1116666665842612 5.079999999778186
1.1116666674308653 4.580000000253558
1.1116666663750605 4.080000000378895
1.111666666096361 3.5800000001351178
1.1116666665009691 3.0799999997079297
0.6950000004928907 3.58
0.6950000003631541 4.08
0.6950000000951232 4.58
0.6950000000729049 5.08
0.6950000008235631 5.58
0.6950000000534001 6.08
0.6950000010429473 6.58
0.6950000005601933 7.08
0.6950000004898794 7.58
0.695 8.08
0.6950000011363894 8.58
